 1017.10     288.00     8.93
   10.0       288.00      9.0       0.0     2.69171217630029
   100.0      288.70      8.84      0.0     4.07131528442051552611
   200.0      289.40      8.68      0.0     4.48126480019414361951
   300.0      290.10      8.52      0.0     4.72077168997053767502
   400.0      290.80      8.36      0.0     4.89062192711305065645
   500.0      291.50      8.20      0.0     5.02233340404216791733
   600.0      292.20      8.04      0.0     5.12993174933988307512
   700.0      292.90      7.88      0.0     5.22089452360549825245
   800.0      293.60      7.72      0.0     5.29968352667232624135
   900.0      294.30      7.56      0.0     5.36917595541504510415
   1000.0     295.00      7.40      0.0     5.43133595136202309740
   1100.0     295.75      7.21      0.0     5.48756424039002791202
   1200.0     296.50      7.02      0.0     5.53889493834774467658
   1300.0     297.25      6.83      0.0     5.58611328414813253425
   1400.0     298.00      6.64      0.0     5.62982960435509767748
   1500.0     298.75      6.45      0.0     5.67052769077170303078
   1600.0     299.50      6.26      0.0     5.70859752886448521026
   1700.0     300.25      6.07      0.0     5.74435808425811070066
   1800.0     301.00      5.88      0.0     5.77807356473561891421
   1900.0     301.75      5.69      0.0     5.80996527863490578704
   2000.0     302.50      5.5       0.0     5.84022044736922494876
   3000.0     308.79      4.00      0.0     5.84022044736922494876
   3500.0     310.99      3.20      0.0     5.84022044736922494876
   4000.0     312.38      2.42      0.0     5.84022044736922494876
   4500.0     314.16      1.02      0.0     5.84022044736922494876
   5000.0     316.69      1.03      0.0     5.84022044736922494876
   5500.0     318.74      0.85      0.0     5.84022044736922494876
   6000.0     321.36      0.59      0.0     5.84022044736922494876
   6500.0     322.78      0.39      0.0     5.84022044736922494876
   7000.0     325.29      0.12      0.0     5.84022044736922494876
   7500.0     326.98      0.15      0.0     5.84022044736922494876
   8000.0     329.10      0.15      0.0     5.84022044736922494876
   8500.0     330.02      0.17      0.0     5.84022044736922494876
   9000.0     331.37      0.11      0.0     5.84022044736922494876
  10000.0     331.37      0.05      0.0     5.84022044736922494876
  16000.0     331.37      0.001     0.0     5.84022044736922494876      
