 1017.10     288.00     8.93
   10.0       288.00      9.0       0.0     2.21339134887723
   100.0      288.70      8.84      0.0     3.34783715303247420740
   200.0      289.40      8.68      0.0     3.68493809557713130011
   300.0      290.10      8.52      0.0     3.88188429305512714671
   400.0      290.80      8.36      0.0     4.02155191755304575650
   500.0      291.50      8.20      0.0     4.12985809016302088516
   600.0      292.20      8.04      0.0     4.21833606664667693684
   700.0      292.90      7.88      0.0     4.29313463515711774250
   800.0      293.60      7.72      0.0     4.35792272777349687102
   900.0      294.30      7.56      0.0     4.41506625966590588354
   1000.0     295.00      7.40      0.0     4.46618034180539824601
   1100.0     295.75      7.21      0.0     4.51241678922074403356
   1200.0     296.50      7.02      0.0     4.55462595400135666716
   1300.0     297.25      6.83      0.0     4.59345353706282751357
   1400.0     298.00      6.64      0.0     4.62940140912834686145
   1500.0     298.75      6.45      0.0     4.66286739155525946869
   1600.0     299.50      6.26      0.0     4.69417216887492798506
   1700.0     300.25      6.07      0.0     4.72357802609703587434
   1800.0     301.00      5.88      0.0     4.75130222093079677825
   1900.0     301.75      5.69      0.0     4.77752673492863898907
   2000.0     302.50      5.5       0.0     4.80240552001011347823
   3000.0     308.79      4.00      0.0     4.80240552001011347823
   3500.0     310.99      3.20      0.0     4.80240552001011347823
   4000.0     312.38      2.42      0.0     4.80240552001011347823
   4500.0     314.16      1.02      0.0     4.80240552001011347823
   5000.0     316.69      1.03      0.0     4.80240552001011347823
   5500.0     318.74      0.85      0.0     4.80240552001011347823
   6000.0     321.36      0.59      0.0     4.80240552001011347823
   6500.0     322.78      0.39      0.0     4.80240552001011347823
   7000.0     325.29      0.12      0.0     4.80240552001011347823
   7500.0     326.98      0.15      0.0     4.80240552001011347823
   8000.0     329.10      0.15      0.0     4.80240552001011347823
   8500.0     330.02      0.17      0.0     4.80240552001011347823
   9000.0     331.37      0.11      0.0     4.80240552001011347823
  10000.0     331.37      0.05      0.0     4.80240552001011347823
  16000.0     331.37      0.001     0.0     4.80240552001011347823      
