 1017.10     288.00     8.93
   10.0       288.00      9.0       0.0     4.12908488744774
   100.0      288.70      8.84      0.0     6.24539523985877982687
   200.0      289.40      8.68      0.0     6.87425755474566155314
   300.0      290.10      8.52      0.0     7.24166098209672642554
   400.0      290.80      8.36      0.0     7.50221114547954590922
   500.0      291.50      8.20      0.0     7.70425647323778671355
   600.0      292.20      8.04      0.0     7.86931227132606442961
   700.0      292.90      7.88      0.0     8.00884911328392846638
   800.0      293.60      7.72      0.0     8.12971139741843369772
   900.0      294.30      7.56      0.0     8.23631274203470447167
   1000.0     295.00      7.40      0.0     8.33166613907630775274
   1100.0     295.75      7.21      0.0     8.41792030121027470613
   1200.0     296.50      7.02      0.0     8.49666156153725093303
   1300.0     297.25      6.83      0.0     8.56909447608558267266
   1400.0     298.00      6.64      0.0     8.63615528544355480818
   1500.0     298.75      6.45      0.0     8.69858612595110986048
   1600.0     299.50      6.26      0.0     8.75698523508340533436
   1700.0     300.25      6.07      0.0     8.81184190592014782490
   1800.0     301.00      5.88      0.0     8.86356143304435384937
   1900.0     301.75      5.69      0.0     8.91248330331554651282
   2000.0     302.50      5.5       0.0     8.95889471427099546404
   3000.0     308.79      4.00      0.0     8.95889471427099546404
   3500.0     310.99      3.20      0.0     8.95889471427099546404
   4000.0     312.38      2.42      0.0     8.95889471427099546404
   4500.0     314.16      1.02      0.0     8.95889471427099546404
   5000.0     316.69      1.03      0.0     8.95889471427099546404
   5500.0     318.74      0.85      0.0     8.95889471427099546404
   6000.0     321.36      0.59      0.0     8.95889471427099546404
   6500.0     322.78      0.39      0.0     8.95889471427099546404
   7000.0     325.29      0.12      0.0     8.95889471427099546404
   7500.0     326.98      0.15      0.0     8.95889471427099546404
   8000.0     329.10      0.15      0.0     8.95889471427099546404
   8500.0     330.02      0.17      0.0     8.95889471427099546404
   9000.0     331.37      0.11      0.0     8.95889471427099546404
  10000.0     331.37      0.05      0.0     8.95889471427099546404
  16000.0     331.37      0.001     0.0     8.95889471427099546404      
