 1017.10     288.00     8.93
   10.0       288.00      9.0       0.0     4.08651610326717
   100.0      288.70      8.84      0.0     6.18100836253976213554
   200.0      289.40      8.68      0.0     6.80338742389918725641
   300.0      290.10      8.52      0.0     7.16700310708116179132
   400.0      290.80      8.36      0.0     7.42486712959364638954
   500.0      291.50      8.20      0.0     7.62482947185110970746
   600.0      292.20      8.04      0.0     7.78818362784723013063
   700.0      292.90      7.88      0.0     7.92628191528939512495
   800.0      293.60      7.72      0.0     8.04589817018760808104
   900.0      294.30      7.56      0.0     8.15140050866667794419
   1000.0     295.00      7.40      0.0     8.24577086024174512806
   1100.0     295.75      7.21      0.0     8.33113578543516899268
   1200.0     296.50      7.02      0.0     8.40906526305282024605
   1300.0     297.25      6.83      0.0     8.48075143075747459767
   1400.0     298.00      6.64      0.0     8.54712087696880568572
   1500.0     298.75      6.45      0.0     8.60890808697511899420
   1600.0     299.50      6.26      0.0     8.66670513072470763107
   1700.0     300.25      6.07      0.0     8.72099625693222423124
   1800.0     301.00      5.88      0.0     8.77218258179779799658
   1900.0     301.75      5.69      0.0     8.82060009224252763436
   2000.0     302.50      5.5       0.0     8.86653302494181764054
   3000.0     308.79      4.00      0.0     8.86653302494181764054
   3500.0     310.99      3.20      0.0     8.86653302494181764054
   4000.0     312.38      2.42      0.0     8.86653302494181764054
   4500.0     314.16      1.02      0.0     8.86653302494181764054
   5000.0     316.69      1.03      0.0     8.86653302494181764054
   5500.0     318.74      0.85      0.0     8.86653302494181764054
   6000.0     321.36      0.59      0.0     8.86653302494181764054
   6500.0     322.78      0.39      0.0     8.86653302494181764054
   7000.0     325.29      0.12      0.0     8.86653302494181764054
   7500.0     326.98      0.15      0.0     8.86653302494181764054
   8000.0     329.10      0.15      0.0     8.86653302494181764054
   8500.0     330.02      0.17      0.0     8.86653302494181764054
   9000.0     331.37      0.11      0.0     8.86653302494181764054
  10000.0     331.37      0.05      0.0     8.86653302494181764054
  16000.0     331.37      0.001     0.0     8.86653302494181764054      
