 1017.10     288.00     8.93
   10.0       288.00      9.0       0.0     2.25270799251249
   100.0      288.70      8.84      0.0     3.40730504620980588536
   200.0      289.40      8.68      0.0     3.75039393916091126852
   300.0      290.10      8.52      0.0     3.95083850734749860309
   400.0      290.80      8.36      0.0     4.09298705878251466097
   500.0      291.50      8.20      0.0     4.20321708240698182321
   600.0      292.20      8.04      0.0     4.29326670010661236185
   700.0      292.90      7.88      0.0     4.36939392143935879055
   800.0      293.60      7.72      0.0     4.43533285001183692612
   900.0      294.30      7.56      0.0     4.49349142693033841964
   1000.0     295.00      7.40      0.0     4.54551345250841033601
   1100.0     295.75      7.21      0.0     4.59257120155526006951
   1200.0     296.50      7.02      0.0     4.63553013103096972134
   1300.0     297.25      6.83      0.0     4.67504741148699335585
   1400.0     298.00      6.64      0.0     4.71163382841542765143
   1500.0     298.75      6.45      0.0     4.74569426970550073734
   1600.0     299.50      6.26      0.0     4.77755511623298598915
   1700.0     300.25      6.07      0.0     4.80748331199670669285
   1800.0     301.00      5.88      0.0     4.83569997387155656688
   1900.0     301.75      5.69      0.0     4.86239031596251212050
   2000.0     302.50      5.5       0.0     4.88771102484911159771
   3000.0     308.79      4.00      0.0     4.88771102484911159771
   3500.0     310.99      3.20      0.0     4.88771102484911159771
   4000.0     312.38      2.42      0.0     4.88771102484911159771
   4500.0     314.16      1.02      0.0     4.88771102484911159771
   5000.0     316.69      1.03      0.0     4.88771102484911159771
   5500.0     318.74      0.85      0.0     4.88771102484911159771
   6000.0     321.36      0.59      0.0     4.88771102484911159771
   6500.0     322.78      0.39      0.0     4.88771102484911159771
   7000.0     325.29      0.12      0.0     4.88771102484911159771
   7500.0     326.98      0.15      0.0     4.88771102484911159771
   8000.0     329.10      0.15      0.0     4.88771102484911159771
   8500.0     330.02      0.17      0.0     4.88771102484911159771
   9000.0     331.37      0.11      0.0     4.88771102484911159771
  10000.0     331.37      0.05      0.0     4.88771102484911159771
  16000.0     331.37      0.001     0.0     4.88771102484911159771      
