 1017.10     288.00     8.93
   10.0       288.00      9.0       0.0     4.56668680750835
   100.0      288.70      8.84      0.0     6.90728450176468108195
   200.0      289.40      8.68      0.0     7.60279387379607213053
   300.0      290.10      8.52      0.0     8.00913485017511389511
   400.0      290.80      8.36      0.0     8.29729821475780106070
   500.0      291.50      8.20      0.0     8.52075637993070992906
   600.0      292.20      8.04      0.0     8.70330485160875550796
   700.0      292.90      7.88      0.0     8.85762985889244757158
   800.0      293.60      7.72      0.0     8.99130117191394729206
   900.0      294.30      7.56      0.0     9.10920016585366353285
   1000.0     295.00      7.40      0.0     9.21465915063858380163
   1100.0     295.75      7.21      0.0     9.31005456028668794709
   1200.0     296.50      7.02      0.0     9.39714084805832293765
   1300.0     297.25      6.83      0.0     9.47725022926838233186
   1400.0     298.00      6.64      0.0     9.55141816762364819231
   1500.0     298.75      6.45      0.0     9.62046545134363394908
   1600.0     299.50      6.26      0.0     9.68505371932897444862
   1700.0     300.25      6.07      0.0     9.74572412011814945833
   1800.0     301.00      5.88      0.0     9.80292490156167971967
   1900.0     301.75      5.69      0.0     9.85703152946009153053
   2000.0     302.50      5.5       0.0     9.90836163865024310804
   3000.0     308.79      4.00      0.0     9.90836163865024310804
   3500.0     310.99      3.20      0.0     9.90836163865024310804
   4000.0     312.38      2.42      0.0     9.90836163865024310804
   4500.0     314.16      1.02      0.0     9.90836163865024310804
   5000.0     316.69      1.03      0.0     9.90836163865024310804
   5500.0     318.74      0.85      0.0     9.90836163865024310804
   6000.0     321.36      0.59      0.0     9.90836163865024310804
   6500.0     322.78      0.39      0.0     9.90836163865024310804
   7000.0     325.29      0.12      0.0     9.90836163865024310804
   7500.0     326.98      0.15      0.0     9.90836163865024310804
   8000.0     329.10      0.15      0.0     9.90836163865024310804
   8500.0     330.02      0.17      0.0     9.90836163865024310804
   9000.0     331.37      0.11      0.0     9.90836163865024310804
  10000.0     331.37      0.05      0.0     9.90836163865024310804
  16000.0     331.37      0.001     0.0     9.90836163865024310804      
