 1017.10     288.00     8.93
   10.0       288.00      9.0       0.0     .533263850902922
   100.0      288.70      8.84      0.0     .80658150820349854024
   200.0      289.40      8.68      0.0     .88779793965632583541
   300.0      290.10      8.52      0.0     .93524742830688836352
   400.0      290.80      8.36      0.0     .96889701102709015146
   500.0      291.50      8.20      0.0     .99499079995955762265
   600.0      292.20      8.04      0.0     1.01630745798467654426
   700.0      292.90      7.88      0.0     1.03432838894482376944
   800.0      293.60      7.72      0.0     1.04993753451177964540
   900.0      294.30      7.56      0.0     1.06370490551311547290
   1000.0     295.00      7.40      0.0     1.07601962441309696983
   1100.0     295.75      7.21      0.0     1.08715919356939864390
   1200.0     296.50      7.02      0.0     1.09732848503505981458
   1300.0     297.25      6.83      0.0     1.10668306504420101366
   1400.0     298.00      6.64      0.0     1.11534384737677337635
   1500.0     298.75      6.45      0.0     1.12340667759985057245
   1600.0     299.50      6.26      0.0     1.13094881700218128715
   1700.0     300.25      6.07      0.0     1.13803345690073206747
   1800.0     301.00      5.88      0.0     1.14471294035842867349
   1900.0     301.75      5.69      0.0     1.15103111148963905464
   2000.0     302.50      5.5       0.0     1.15702506133726228639
   3000.0     308.79      4.00      0.0     1.15702506133726228639
   3500.0     310.99      3.20      0.0     1.15702506133726228639
   4000.0     312.38      2.42      0.0     1.15702506133726228639
   4500.0     314.16      1.02      0.0     1.15702506133726228639
   5000.0     316.69      1.03      0.0     1.15702506133726228639
   5500.0     318.74      0.85      0.0     1.15702506133726228639
   6000.0     321.36      0.59      0.0     1.15702506133726228639
   6500.0     322.78      0.39      0.0     1.15702506133726228639
   7000.0     325.29      0.12      0.0     1.15702506133726228639
   7500.0     326.98      0.15      0.0     1.15702506133726228639
   8000.0     329.10      0.15      0.0     1.15702506133726228639
   8500.0     330.02      0.17      0.0     1.15702506133726228639
   9000.0     331.37      0.11      0.0     1.15702506133726228639
  10000.0     331.37      0.05      0.0     1.15702506133726228639
  16000.0     331.37      0.001     0.0     1.15702506133726228639      
