 1017.10     288.00     8.93
   10.0       288.00      9.0       0.0     .422179227554552
   100.0      288.70      8.84      0.0     .63856186298127466639
   200.0      289.40      8.68      0.0     .70286003402256241867
   300.0      290.10      8.52      0.0     .74042528138075945713
   400.0      290.80      8.36      0.0     .76706529235524036283
   500.0      291.50      8.20      0.0     .78772346304659309231
   600.0      292.20      8.04      0.0     .80459963082704808675
   700.0      292.90      7.88      0.0     .81886660710846468733
   800.0      293.60      7.72      0.0     .83122419895926434269
   900.0      294.30      7.56      0.0     .84212367779129002664
   1000.0     295.00      7.40      0.0     .85187310765409181974
   1100.0     295.75      7.21      0.0     .86069218416515668020
   1200.0     296.50      7.02      0.0     .86874310231473794262
   1300.0     297.25      6.83      0.0     .87614902220911952767
   1400.0     298.00      6.64      0.0     .88300566998112299845
   1500.0     298.75      6.45      0.0     .88938892553035748148
   1600.0     299.50      6.26      0.0     .89535995578413027527
   1700.0     300.25      6.07      0.0     .90096878862514882456
   1800.0     301.00      5.88      0.0     .90625686349063809803
   1900.0     301.75      5.69      0.0     .91125889129210153453
   2000.0     302.50      5.5       0.0     .91600423660734393088
   3000.0     308.79      4.00      0.0     .91600423660734393088
   3500.0     310.99      3.20      0.0     .91600423660734393088
   4000.0     312.38      2.42      0.0     .91600423660734393088
   4500.0     314.16      1.02      0.0     .91600423660734393088
   5000.0     316.69      1.03      0.0     .91600423660734393088
   5500.0     318.74      0.85      0.0     .91600423660734393088
   6000.0     321.36      0.59      0.0     .91600423660734393088
   6500.0     322.78      0.39      0.0     .91600423660734393088
   7000.0     325.29      0.12      0.0     .91600423660734393088
   7500.0     326.98      0.15      0.0     .91600423660734393088
   8000.0     329.10      0.15      0.0     .91600423660734393088
   8500.0     330.02      0.17      0.0     .91600423660734393088
   9000.0     331.37      0.11      0.0     .91600423660734393088
  10000.0     331.37      0.05      0.0     .91600423660734393088
  16000.0     331.37      0.001     0.0     .91600423660734393088      
