 1017.10     288.00     8.93
   10.0       288.00      9.0       0.0     4.80949040427527
   100.0      288.70      8.84      0.0     7.27453401801428016487
   200.0      289.40      8.68      0.0     8.00702253580987629315
   300.0      290.10      8.52      0.0     8.43496802652005177286
   400.0      290.80      8.36      0.0     8.73845258660537267117
   500.0      291.50      8.20      0.0     8.97379167300583597926
   600.0      292.20      8.04      0.0     9.16604596147754891129
   700.0      292.90      7.88      0.0     9.32857618808522743733
   800.0      293.60      7.72      0.0     9.46935459580234201941
   900.0      294.30      7.56      0.0     9.59352209489478699041
   1000.0     295.00      7.40      0.0     9.70458816899773680818
   1100.0     295.75      7.21      0.0     9.80505560340995021805
   1200.0     296.50      7.02      0.0     9.89677213292824200642
   1300.0     297.25      6.83      0.0     9.98114080467265433564
   1400.0     298.00      6.64      0.0     10.05925213633613598496
   1500.0     298.75      6.45      0.0     10.13197055616439051261
   1600.0     299.50      6.26      0.0     10.19999288136381503464
   1700.0     300.25      6.07      0.0     10.26388903249450289157
   1800.0     301.00      5.88      0.0     10.32413109004427557712
   1900.0     301.75      5.69      0.0     10.38111448274316899938
   2000.0     302.50      5.5       0.0     10.43517373357564126057
   3000.0     308.79      4.00      0.0     10.43517373357564126057
   3500.0     310.99      3.20      0.0     10.43517373357564126057
   4000.0     312.38      2.42      0.0     10.43517373357564126057
   4500.0     314.16      1.02      0.0     10.43517373357564126057
   5000.0     316.69      1.03      0.0     10.43517373357564126057
   5500.0     318.74      0.85      0.0     10.43517373357564126057
   6000.0     321.36      0.59      0.0     10.43517373357564126057
   6500.0     322.78      0.39      0.0     10.43517373357564126057
   7000.0     325.29      0.12      0.0     10.43517373357564126057
   7500.0     326.98      0.15      0.0     10.43517373357564126057
   8000.0     329.10      0.15      0.0     10.43517373357564126057
   8500.0     330.02      0.17      0.0     10.43517373357564126057
   9000.0     331.37      0.11      0.0     10.43517373357564126057
  10000.0     331.37      0.05      0.0     10.43517373357564126057
  16000.0     331.37      0.001     0.0     10.43517373357564126057      
