 1017.10     288.00     8.93
   10.0       288.00      9.0       0.0     3.74075796411855
   100.0      288.70      8.84      0.0     5.65803625243718156737
   200.0      289.40      8.68      0.0     6.22775612424180398193
   300.0      290.10      8.52      0.0     6.56060646139180324559
   400.0      290.80      8.36      0.0     6.79665273442667970875
   500.0      291.50      8.20      0.0     6.97969636020007884886
   600.0      292.20      8.04      0.0     7.12922920053950691359
   700.0      292.90      7.88      0.0     7.25564305907475063322
   800.0      293.60      7.72      0.0     7.36513864084690710459
   900.0      294.30      7.56      0.0     7.46171447780083024291
   1000.0     295.00      7.40      0.0     7.54810019984628193649
   1100.0     295.75      7.21      0.0     7.62624244025453105369
   1200.0     296.50      7.02      0.0     7.69757834268857767161
   1300.0     297.25      6.83      0.0     7.76319917862360049810
   1400.0     298.00      6.64      0.0     7.82395313828392851641
   1500.0     298.75      6.45      0.0     7.88051256251499727904
   1600.0     299.50      6.26      0.0     7.93341942651485432984
   1700.0     300.25      6.07      0.0     7.98311700695002320336
   1800.0     301.00      5.88      0.0     8.02997248177410859709
   1900.0     301.75      5.69      0.0     8.07429341021829396625
   2000.0     302.50      5.5       0.0     8.11633997983117697093
   3000.0     308.79      4.00      0.0     8.11633997983117697093
   3500.0     310.99      3.20      0.0     8.11633997983117697093
   4000.0     312.38      2.42      0.0     8.11633997983117697093
   4500.0     314.16      1.02      0.0     8.11633997983117697093
   5000.0     316.69      1.03      0.0     8.11633997983117697093
   5500.0     318.74      0.85      0.0     8.11633997983117697093
   6000.0     321.36      0.59      0.0     8.11633997983117697093
   6500.0     322.78      0.39      0.0     8.11633997983117697093
   7000.0     325.29      0.12      0.0     8.11633997983117697093
   7500.0     326.98      0.15      0.0     8.11633997983117697093
   8000.0     329.10      0.15      0.0     8.11633997983117697093
   8500.0     330.02      0.17      0.0     8.11633997983117697093
   9000.0     331.37      0.11      0.0     8.11633997983117697093
  10000.0     331.37      0.05      0.0     8.11633997983117697093
  16000.0     331.37      0.001     0.0     8.11633997983117697093      
