 1017.10     288.00     8.93
   10.0       288.00      9.0       0.0     .761890094846115
   100.0      288.70      8.84      0.0     1.15238724834951813762
   200.0      289.40      8.68      0.0     1.26842360550720997386
   300.0      290.10      8.52      0.0     1.33621611637620173522
   400.0      290.80      8.36      0.0     1.38429228678756132889
   500.0      291.50      8.20      0.0     1.42157326747093285288
   600.0      292.20      8.04      0.0     1.45202901761612061840
   700.0      292.90      7.88      0.0     1.47777606342692194227
   800.0      293.60      7.72      0.0     1.50007731894300189705
   900.0      294.30      7.56      0.0     1.51974717576946605806
   1000.0     295.00      7.40      0.0     1.53734158486887110610
   1100.0     295.75      7.21      0.0     1.55325702220194579549
   1200.0     296.50      7.02      0.0     1.56778619462976303403
   1300.0     297.25      6.83      0.0     1.58115136430766723428
   1400.0     298.00      6.64      0.0     1.59352528438800350655
   1500.0     298.75      6.45      0.0     1.60504489231377439852
   1600.0     299.50      6.26      0.0     1.61582057361085607698
   1700.0     300.25      6.07      0.0     1.62594261161346588031
   1800.0     301.00      5.88      0.0     1.63548579042915116861
   1900.0     301.75      5.69      0.0     1.64451275146215803994
   2000.0     302.50      5.5       0.0     1.65307648780051312374
   3000.0     308.79      4.00      0.0     1.65307648780051312374
   3500.0     310.99      3.20      0.0     1.65307648780051312374
   4000.0     312.38      2.42      0.0     1.65307648780051312374
   4500.0     314.16      1.02      0.0     1.65307648780051312374
   5000.0     316.69      1.03      0.0     1.65307648780051312374
   5500.0     318.74      0.85      0.0     1.65307648780051312374
   6000.0     321.36      0.59      0.0     1.65307648780051312374
   6500.0     322.78      0.39      0.0     1.65307648780051312374
   7000.0     325.29      0.12      0.0     1.65307648780051312374
   7500.0     326.98      0.15      0.0     1.65307648780051312374
   8000.0     329.10      0.15      0.0     1.65307648780051312374
   8500.0     330.02      0.17      0.0     1.65307648780051312374
   9000.0     331.37      0.11      0.0     1.65307648780051312374
  10000.0     331.37      0.05      0.0     1.65307648780051312374
  16000.0     331.37      0.001     0.0     1.65307648780051312374      
