 1017.10     288.00     8.93
   10.0       288.00      9.0       0.0     .419106889984663
   100.0      288.70      8.84      0.0     .63391483756105268859
   200.0      289.40      8.68      0.0     .69774508959147491607
   300.0      290.10      8.52      0.0     .73503696224706215089
   400.0      290.80      8.36      0.0     .76148310506973168624
   500.0      291.50      8.20      0.0     .78199093943518827329
   600.0      292.20      8.04      0.0     .79874429377309666015
   700.0      292.90      7.88      0.0     .81290744455961145960
   800.0      293.60      7.72      0.0     .82517510613616127626
   900.0      294.30      7.56      0.0     .83599526586359289210
   1000.0     295.00      7.40      0.0     .84567374590769804349
   1100.0     295.75      7.21      0.0     .85442864308844952642
   1200.0     296.50      7.02      0.0     .86242097204962771047
   1300.0     297.25      6.83      0.0     .86977299662077680223
   1400.0     298.00      6.64      0.0     .87657974630405751621
   1500.0     298.75      6.45      0.0     .88291654879600703028
   1600.0     299.50      6.26      0.0     .88884412589201582786
   1700.0     300.25      6.07      0.0     .89441214140537828854
   1800.0     301.00      5.88      0.0     .89966173320485851947
   1900.0     301.75      5.69      0.0     .90462735959920137559
   2000.0     302.50      5.5       0.0     .90933817147048783475
   3000.0     308.79      4.00      0.0     .90933817147048783475
   3500.0     310.99      3.20      0.0     .90933817147048783475
   4000.0     312.38      2.42      0.0     .90933817147048783475
   4500.0     314.16      1.02      0.0     .90933817147048783475
   5000.0     316.69      1.03      0.0     .90933817147048783475
   5500.0     318.74      0.85      0.0     .90933817147048783475
   6000.0     321.36      0.59      0.0     .90933817147048783475
   6500.0     322.78      0.39      0.0     .90933817147048783475
   7000.0     325.29      0.12      0.0     .90933817147048783475
   7500.0     326.98      0.15      0.0     .90933817147048783475
   8000.0     329.10      0.15      0.0     .90933817147048783475
   8500.0     330.02      0.17      0.0     .90933817147048783475
   9000.0     331.37      0.11      0.0     .90933817147048783475
  10000.0     331.37      0.05      0.0     .90933817147048783475
  16000.0     331.37      0.001     0.0     .90933817147048783475      
