 1017.10     288.00     8.93
   10.0       288.00      9.0       0.0     1.14488484358409
   100.0      288.70      8.84      0.0     1.73168112238211693713
   200.0      289.40      8.68      0.0     1.90604782896252475916
   300.0      290.10      8.52      0.0     2.00791897642519756824
   400.0      290.80      8.36      0.0     2.08016257063106355957
   500.0      291.50      8.20      0.0     2.13618433811048485018
   600.0      292.20      8.04      0.0     2.18194989796889468345
   700.0      292.90      7.88      0.0     2.22063973357019024659
   800.0      293.60      7.72      0.0     2.25415161357226981029
   900.0      294.30      7.56      0.0     2.28370931632811985582
   1000.0     295.00      7.40      0.0     2.31014826394798016609
   1100.0     295.75      7.21      0.0     2.33406423700618078723
   1200.0     296.50      7.02      0.0     2.35589708325914009346
   1300.0     297.25      6.83      0.0     2.37598079388836510607
   1400.0     298.00      6.64      0.0     2.39457496337754738402
   1500.0     298.75      6.45      0.0     2.41188536629190744334
   1600.0     299.50      6.26      0.0     2.42807787788875809688
   1700.0     300.25      6.07      0.0     2.44328816605730394818
   1800.0     301.00      5.88      0.0     2.45762860814941125071
   1900.0     301.75      5.69      0.0     2.47119333479466466529
   2000.0     302.50      5.5       0.0     2.48406197819160151474
   3000.0     308.79      4.00      0.0     2.48406197819160151474
   3500.0     310.99      3.20      0.0     2.48406197819160151474
   4000.0     312.38      2.42      0.0     2.48406197819160151474
   4500.0     314.16      1.02      0.0     2.48406197819160151474
   5000.0     316.69      1.03      0.0     2.48406197819160151474
   5500.0     318.74      0.85      0.0     2.48406197819160151474
   6000.0     321.36      0.59      0.0     2.48406197819160151474
   6500.0     322.78      0.39      0.0     2.48406197819160151474
   7000.0     325.29      0.12      0.0     2.48406197819160151474
   7500.0     326.98      0.15      0.0     2.48406197819160151474
   8000.0     329.10      0.15      0.0     2.48406197819160151474
   8500.0     330.02      0.17      0.0     2.48406197819160151474
   9000.0     331.37      0.11      0.0     2.48406197819160151474
  10000.0     331.37      0.05      0.0     2.48406197819160151474
  16000.0     331.37      0.001     0.0     2.48406197819160151474      
