 1017.10     288.00     8.93
   10.0       288.00      9.0       0.0     4.98067358313443
   100.0      288.70      8.84      0.0     7.53345497496552501511
   200.0      289.40      8.68      0.0     8.29201480227919870253
   300.0      290.10      8.52      0.0     8.73519206669518946326
   400.0      290.80      8.36      0.0     9.04947848879979999369
   500.0      291.50      8.20      0.0     9.29319394972926341299
   600.0      292.20      8.04      0.0     9.49229110459294142222
   700.0      292.90      7.88      0.0     9.66060623531991500117
   800.0      293.60      7.72      0.0     9.80639533924848776533
   900.0      294.30      7.56      0.0     9.93498230598073552647
   1000.0     295.00      7.40      0.0     10.05000153146360060256
   1100.0     295.75      7.21      0.0     10.15404488210577859393
   1200.0     296.50      7.02      0.0     10.24902585873948925873
   1300.0     297.25      6.83      0.0     10.33639744684537207056
   1400.0     298.00      6.64      0.0     10.41728897868290767799
   1500.0     298.75      6.45      0.0     10.49259564991026056090
   1600.0     299.50      6.26      0.0     10.56303907940187332803
   1700.0     300.25      6.07      0.0     10.62920947278028320105
   1800.0     301.00      5.88      0.0     10.69159571319467280879
   1900.0     301.75      5.69      0.0     10.75060730378657072300
   2000.0     302.50      5.5       0.0     10.80659067414655491408
   3000.0     308.79      4.00      0.0     10.80659067414655491408
   3500.0     310.99      3.20      0.0     10.80659067414655491408
   4000.0     312.38      2.42      0.0     10.80659067414655491408
   4500.0     314.16      1.02      0.0     10.80659067414655491408
   5000.0     316.69      1.03      0.0     10.80659067414655491408
   5500.0     318.74      0.85      0.0     10.80659067414655491408
   6000.0     321.36      0.59      0.0     10.80659067414655491408
   6500.0     322.78      0.39      0.0     10.80659067414655491408
   7000.0     325.29      0.12      0.0     10.80659067414655491408
   7500.0     326.98      0.15      0.0     10.80659067414655491408
   8000.0     329.10      0.15      0.0     10.80659067414655491408
   8500.0     330.02      0.17      0.0     10.80659067414655491408
   9000.0     331.37      0.11      0.0     10.80659067414655491408
  10000.0     331.37      0.05      0.0     10.80659067414655491408
  16000.0     331.37      0.001     0.0     10.80659067414655491408      
